1,2,3,4,5,6,7,8,9,10,11,12,13,14
-159.0,-404.8,2047.0,-6,2,0,2,7,1,-6,10,-2,2,1
-420.0,463.8,2047.0,7,1,-6,-2,4,8,2,-1,0,3,1
157.0,-125.4,2047.0,-7,3,18,-2,2,0,10,-4,2,-1,1
108.2,409.0,2047.0,19,6,-1,9,-3,5,0,-6,4,9,1
162.2,1133.6,2047.0,9,-3,-4,0,-2,-3,1,21,7,4,1
-0.2,454.8,2047.0,14,14,-6,-5,19,0,4,8,-5,5,1
428.6,127.0,2047.0,-2,2,12,1,1,2,4,-1,19,-5,1
604.4,644.8,2047.0,3,-4,4,4,3,6,-2,-2,-2,-2,1
235.6,-926.0,2047.0,-10,0,4,1,4,4,8,12,-4,1,1
563.0,835.4,2047.0,-5,-5,0,-1,1,25,-2,7,0,7,1
-90.8,-36.0,2047.0,-8,3,-9,-2,3,3,4,4,9,0,1
-537.0,454.2,2047.0,-1,0,-4,-1,-5,2,8,1,7,7,1
-257.2,-692.0,2047.0,4,-5,-5,-2,2,-1,2,-2,2,3,1
465.4,1068.6,2047.0,2,-1,-3,0,-4,-1,-5,2,2,0,1
-182.8,590.4,2047.0,9,0,2,7,-4,3,-5,-5,-10,-10,1
-393.0,-227.4,2047.0,1,1,4,4,3,3,8,8,-1,-1,1
451.2,409.0,2047.0,10,10,-2,-2,-1,-1,10,10,7,7,1
465.2,337.8,2047.0,-11,-11,0,0,-1,-1,4,4,2,2,1
-243.0,-496.8,2047.0,0,-1,-4,1,1,2,1,0,-2,-3,1
-150.0,350.8,2047.0,-6,-6,-1,-1,-2,-2,-1,-1,3,3,1
433.0,93.6,2047.0,1,2,-2,-4,1,10,0,2,-1,0,1
383.8,145.2,2047.0,10,3,2,2,2,-11,0,2,-1,4,1
747.2,974.6,2047.0,-2,-2,-7,-7,-4,-4,-2,-2,10,10,1
-468.8,-1005.6,2047.0,6,-3,1,-9,-6,0,-8,-1,4,-3,1
203.4,48.0,2047.0,2,-4,0,-5,-5,-5,1,-2,-1,-2,1
-362.6,-202.2,2047.0,7,-3,5,-5,-1,4,-1,22,-6,1,1
364.6,227.2,2047.0,8,8,-2,-5,-3,-1,4,4,4,7,1
171.0,281.2,2047.0,2,2,-8,-8,-9,-9,6,6,6,6,1
-647.2,-193.8,2047.0,10,-1,-4,-8,-5,-2,12,-1,6,9,1
14.2,-711.0,2047.0,3,-3,-2,2,9,2,2,11,6,8,1
-176.4,-641.2,2047.0,-3,0,-5,3,2,-1,10,10,4,2,1
-349.4,-555.2,2047.0,-2,-9,3,3,1,-4,8,0,-5,1,1
-326.6,-561.8,2047.0,-4,-2,-1,-1,9,-1,3,3,-6,-1,1
689.6,801.0,2047.0,5,-1,2,-2,5,6,-5,-3,-4,-1,1
111.8,795.8,2047.0,-1,-4,6,4,1,-9,29,1,12,1,1
78.2,744.0,2047.0,5,-3,2,4,-1,-5,1,1,9,9,1
-55.2,651.4,2047.0,1,-9,-2,-11,-4,-4,6,-2,9,1,1
-887.6,-410.0,2047.0,-4,-10,-1,-3,0,-1,10,-3,2,-6,1
64.2,250.4,2047.0,0,7,-3,1,-3,-1,-7,4,11,-1,1
-147.6,-663.4,2047.0,17,2,-6,-2,-2,-2,1,1,5,5,1
-395.6,-682.6,2047.0,-4,-4,-2,2,8,2,7,5,4,9,1
-251.4,607.8,2047.0,12,-2,9,12,-2,-2,2,-6,4,24,1
101.6,696.6,2047.0,5,5,4,-2,1,2,16,7,11,14,1
-149.6,978.8,2047.0,-7,4,22,2,5,10,-2,4,3,-8,1
-153.8,8.0,2047.0,9,2,1,-1,-5,-1,-5,-2,0,5,1
-351.8,519.0,2047.0,17,3,-7,-3,4,-1,2,3,4,-1,1
-35.6,709.8,2047.0,-3,-1,1,8,17,17,-8,-8,-10,-3,1
341.6,232.2,2047.0,2,5,7,2,-5,2,4,-3,0,12,1
-375.8,148.8,2047.0,-4,-8,-146,103,38,-72,23,40,-25,-39,0
-104.8,-661.4,2047.0,-16,-1,93,-77,5,24,-136,-136,81,81,0
-177.6,375.0,2047.0,30,23,72,72,8,8,4,4,18,3,0
179.0,478.2,2047.0,-26,-42,-23,-5,-108,-7,16,25,3,35,0
-2.0,488.6,2047.0,89,2,110,110,-15,3,-23,12,49,-26,0
320.8,1019.6,2047.0,100,3,-56,78,5,17,-1,-4,38,-26,0
41.0,-84.0,2047.0,-90,-1,49,49,-53,-53,-33,2,-32,0,0
27.4,-217.0,2047.0,-64,-8,91,-138,6,-3,-6,-11,-47,-3,0
125.0,-190.6,2047.0,36,2,-54,40,-2,-45,1,-30,-2,-17,0
12.8,85.8,2047.0,-21,9,31,-22,0,-7,-28,-28,26,26,0
15.6,542.8,2047.0,86,-161,112,10,49,49,19,13,104,1,0
112.2,629.8,2047.0,21,60,-31,-26,-53,21,-6,1,-83,-2,0
134.0,470.0,2047.0,-29,76,-8,-22,-34,70,-118,78,0,44,0
41.8,486.4,2047.0,-24,-21,-35,29,-9,-9,49,49,1,9,0
-346.0,229.8,2047.0,18,7,-110,13,-9,7,27,27,-47,-47,0
57.0,42.6,2047.0,11,4,39,-22,-3,28,-60,4,1,10,0
-318.0,-317.6,2047.0,-84,12,34,-11,87,87,-29,-7,-34,19,0
-280.2,-540.4,2047.0,-29,-25,13,-1,0,-50,71,22,160,-1,0
-61.2,142.6,2047.0,40,-4,3,-10,52,52,66,-13,3,-8,0
-2.8,-181.4,2047.0,-27,24,-3,-71,-7,35,-64,4,7,42,0
86.0,485.4,2047.0,-17,-17,11,11,-38,-38,40,2,74,110,0
128.6,235.6,2047.0,31,-7,-72,68,10,22,103,103,-119,-119,0
-471.4,-785.6,2047.0,-18,28,9,4,51,-41,10,20,-24,-9,0
-275.8,-893.2,2047.0,107,-2,-36,-25,92,-68,67,-31,71,-50,0
243.2,8.6,2047.0,-35,50,-14,6,-3,25,-7,-44,109,-145,0
428.4,371.2,2047.0,0,0,-10,36,-129,50,63,-88,16,38,0
-281.2,-668.8,2047.0,28,-26,55,55,11,11,-5,-5,-36,-36,0
-74.8,314.6,2047.0,-46,-1,56,18,-30,53,0,5,1,85,0
-582.0,453.0,2047.0,68,0,-25,-7,37,-7,75,-11,-43,-15,0
-371.8,-398.2,2047.0,75,4,33,-11,-28,14,2,-86,68,-1,0
-749.2,-536.4,2047.0,-37,21,-11,-19,90,-99,18,45,-55,-4,0
-316.4,357.2,2047.0,22,1,65,-93,90,-44,27,-32,50,-69,0
393.6,717.4,2047.0,58,-6,-7,138,-115,26,58,-63,49,-42,0
14.8,546.2,2047.0,82,-95,70,32,-72,72,16,-7,-17,63,0
-331.4,-545.4,2047.0,-14,73,-27,3,9,22,-1,43,-35,-120,0
86.6,508.6,2047.0,-62,-62,12,-4,57,57,-74,-74,3,3,0
-41.8,-135.8,2047.0,4,-12,4,3,-21,-8,-29,60,-26,-11,0
-439.6,-156.0,2047.0,-4,-7,33,-5,-2,-20,20,-10,80,2,0
40.8,604.2,2047.0,26,9,0,32,-4,22,-6,-12,-1,116,0
-288.6,-743.0,2047.0,47,-15,33,33,-76,-76,-74,-74,-14,-14,0
-166.0,-193.4,2047.0,-52,1,10,23,-45,9,3,16,-34,-34,0
-97.6,109.6,2047.0,-28,-79,115,-88,-53,7,35,-38,45,7,0
-37.0,-116.4,2047.0,42,-34,-29,110,-67,-21,-27,-36,-3,34,0
68.6,554.2,2047.0,80,-40,3,13,-8,-19,-12,23,1,-26,0
-230.0,-7.2,2047.0,-32,-2,-2,6,18,18,69,69,18,18,0
87.6,15.4,2047.0,-20,34,-1,-43,-7,-57,-4,16,3,-85,0
-353.6,-161.0,2047.0,25,98,37,37,21,21,23,23,45,0,0
-461.2,-415.2,2047.0,-3,-20,-15,-15,-106,6,25,11,-12,14,0
-315.8,-1228.4,2047.0,-7,-5,-40,-7,108,-114,-43,95,0,60,0
