1,2,3,4,5,6,7,8,9,10,11,12,13,14
-159.0,-404.8,2047.0,-6,2,0,2,7,1,-6,10,-2,2,1
-420.0,463.8,2047.0,7,1,-6,-2,4,8,2,-1,0,3,1
157.0,-125.4,2047.0,-7,3,18,-2,2,0,10,-4,2,-1,1
108.2,409.0,2047.0,19,6,-1,9,-3,5,0,-6,4,9,1
-0.2,454.8,2047.0,14,14,-6,-5,19,0,4,8,-5,5,1
428.6,127.0,2047.0,-2,2,12,1,1,2,4,-1,19,-5,1
604.4,644.8,2047.0,3,-4,4,4,3,6,-2,-2,-2,-2,1
235.6,-926.0,2047.0,-10,0,4,1,4,4,8,12,-4,1,1
563.0,835.4,2047.0,-5,-5,0,-1,1,25,-2,7,0,7,1
-90.8,-36.0,2047.0,-8,3,-9,-2,3,3,4,4,9,0,1
-537.0,454.2,2047.0,-1,0,-4,-1,-5,2,8,1,7,7,1
-257.2,-692.0,2047.0,4,-5,-5,-2,2,-1,2,-2,2,3,1
465.4,1068.6,2047.0,2,-1,-3,0,-4,-1,-5,2,2,0,1
414.6,144.8,2047.0,18,2,8,7,-2,-1,3,4,2,-5,1
417.4,409.0,2047.0,-2,2,-3,-3,-4,9,-2,6,-1,-4,1
495.2,395.4,2047.0,0,-8,1,6,-1,2,-9,-9,-2,-2,1
-12.8,-183.4,2047.0,4,-2,-4,-12,0,4,-1,-8,-1,6,1
-501.2,-95.8,2047.0,3,25,-6,-6,0,0,16,16,6,4,1
49.6,783.6,2047.0,-2,1,1,15,1,4,15,-7,-5,20,1
336.4,12.4,2047.0,-1,7,2,2,-10,-10,5,5,2,-1,1
848.2,769.2,2047.0,-6,2,0,0,-2,3,-8,-9,-9,-1,1
-86.8,412.8,2047.0,2,-1,4,-5,-5,-5,2,2,9,-1,1
635.4,612.6,2047.0,-8,-8,-8,0,6,-2,4,-1,4,-4,1
658.6,-266.2,2047.0,-1,4,5,-1,-1,1,-8,-8,-8,1,1
-831.6,-539.0,2047.0,7,14,-11,11,-5,-6,7,0,-1,11,1
-633.6,-935.2,2047.0,-4,-7,4,-6,6,6,1,1,-3,12,1
-694.0,-1089.4,2047.0,-6,2,7,-1,6,0,-5,-6,2,-4,1
79.6,-279.4,2047.0,10,-4,4,4,-2,-2,1,-3,9,-2,1
381.2,409.0,2047.0,16,2,2,-2,7,1,-6,-4,7,-1,1
67.2,409.0,2047.0,0,-2,13,2,-9,-3,4,-1,3,4,1
-297.8,-17.4,2047.0,-3,-3,0,0,-3,-3,4,4,-2,2,1
-392.2,-147.8,2047.0,2,2,2,0,7,-6,-12,-1,0,3,1
-435.4,-79.6,2047.0,2,-7,-9,-7,0,8,-1,2,1,1,1
572.2,373.6,2047.0,18,1,20,20,3,3,-8,-9,-7,0,1
410.0,273.2,2047.0,-1,1,13,-5,-4,21,1,5,-3,5,1
-69.2,-589.4,2047.0,1,-6,5,5,11,11,-4,11,-2,2,1
-393.0,-1079.2,2047.0,7,6,-3,-1,4,-4,-2,-2,6,6,1
257.0,144.6,2047.0,7,2,4,0,4,5,-8,-7,-3,1,1
397.6,174.8,2047.0,-2,5,-7,-7,-9,-9,8,-2,3,-2,1
924.0,330.4,2047.0,-4,3,21,4,-2,14,2,2,12,12,1
411.6,765.2,2047.0,19,7,16,16,0,11,-3,2,-8,0,1
400.0,-513.8,2047.0,1,-6,-6,3,-1,2,-3,8,-3,-3,1
-229.2,-76.2,2047.0,4,4,7,1,2,-8,-7,-13,4,-2,1
-35.6,396.4,2047.0,16,-6,3,16,-2,0,0,0,6,6,1
388.0,92.8,2047.0,-10,2,-1,5,2,6,14,-5,20,20,1
116.8,-368.4,2047.0,1,-2,12,-4,-2,3,8,0,-9,3,1
544.8,-507.6,2047.0,-6,9,3,3,-11,-4,5,-11,-4,-3,1
-219.4,10.8,2047.0,-16,1,-2,4,-4,-4,19,19,3,-2,1
212.2,-343.8,2047.0,4,0,-1,-1,0,0,5,2,0,2,1
42.6,-410.0,2047.0,-6,-5,2,0,19,0,5,3,2,-9,1
299.2,409.0,2047.0,21,7,16,-1,2,1,-6,2,22,3,1
515.6,725.6,2047.0,10,10,0,-3,-2,-9,0,6,5,2,1
-222.6,-29.4,2047.0,-5,-4,-6,-3,1,5,9,-4,3,-3,1
-199.2,-496.2,2047.0,-8,0,6,4,1,-2,-1,-4,-7,-4,1
-139.0,-622.6,2047.0,7,-1,4,1,3,-9,-8,-8,0,8,1
-288.6,-471.2,2047.0,-2,1,5,-4,0,0,3,3,-7,-7,1
551.0,372.2,2047.0,-3,-7,-7,1,-1,6,1,1,-6,-6,1
63.8,-121.2,2047.0,-1,7,-4,-11,-5,4,-8,-5,1,6,1
-11.2,-448.4,2047.0,-4,10,-12,-2,-2,2,13,13,0,0,1
100.0,49.4,2047.0,3,-6,1,5,20,20,-3,-3,-1,2,1
347.6,-207.6,2047.0,2,7,4,4,-8,-4,3,1,2,-2,1
264.2,709.8,2047.0,9,-5,8,-3,0,-1,-1,-3,4,-3,1
198.0,778.8,2047.0,-3,1,0,9,4,6,0,-4,-2,-2,1
-59.8,704.2,2047.0,12,1,3,2,-4,-3,-1,1,2,2,1
260.6,56.2,2047.0,5,6,-6,8,2,2,-3,-4,-5,3,1
146.4,207.4,2047.0,-7,-1,8,4,0,-1,0,5,-6,8,1
-87.4,-30.0,2047.0,5,-4,4,3,-8,-1,-9,-1,-1,-4,1
-536.8,-90.6,2047.0,-10,11,-4,-4,0,0,10,-2,0,4,1
-36.6,-690.0,2047.0,-6,2,6,-2,11,-2,-1,-6,-2,-4,1
-136.2,-1506.0,2047.0,6,-2,-6,3,3,0,-8,11,7,-6,1
47.0,-770.8,2047.0,5,0,-6,9,0,1,12,-1,5,8,1
94.6,101.8,2047.0,-7,-3,1,-5,1,5,-2,15,-2,5,1
-33.2,562.4,2047.0,-4,-3,18,18,8,1,-5,-9,-6,-4,1
252.2,409.0,2047.0,5,-2,1,1,4,-5,-5,-5,9,-2,1
-186.4,-222.0,2047.0,-2,6,4,4,-5,-5,2,3,2,0,1
509.2,-89.8,2047.0,-2,-1,15,-4,3,-3,2,-1,-2,-3,1
-215.8,-214.4,2047.0,0,-9,3,3,2,2,8,-2,0,-3,1
-1036.2,-970.0,2047.0,-1,2,6,2,-1,4,3,-6,-9,-10,1
937.0,820.4,2047.0,1,2,-2,-2,-6,-6,-1,0,8,0,1
567.6,-8.2,2047.0,-10,3,-4,2,-4,2,4,8,0,-2,1
421.6,-588.0,2047.0,-2,-2,1,-1,11,-1,2,-5,1,0,1
-17.2,-980.2,2047.0,4,3,-3,5,1,-4,18,18,0,0,1
-100.2,7.0,2047.0,1,-3,-2,-9,19,4,-1,11,-3,7,1
282.6,728.6,2047.0,-3,-2,7,7,8,8,-5,2,-8,-4,1
366.2,1960.8,2047.0,-3,-3,9,0,-4,11,-3,2,6,2,1
120.2,-832.8,2047.0,-2,3,-5,2,-2,3,-2,7,0,-4,1
-240.6,-805.6,2047.0,-3,4,4,4,-6,-6,-4,-4,3,1,1
291.0,66.2,2047.0,12,0,0,11,-4,4,2,3,7,6,1
174.6,305.4,2047.0,-8,0,-8,0,0,7,1,-1,2,-6,1
215.6,246.6,2047.0,0,-1,7,0,-3,-3,-1,1,0,6,1
-100.4,-212.0,2047.0,-1,-1,-5,2,3,1,7,11,8,0,1
264.6,-455.0,2047.0,-1,12,6,-2,14,-1,2,4,-4,-3,1
498.2,265.0,2047.0,5,-3,7,2,-5,11,-1,-8,-1,7,1
16.6,-715.2,2047.0,2,0,-5,3,1,1,4,9,-4,2,1
-547.2,-1121.8,2047.0,-1,-1,7,5,1,-1,1,-6,-6,-6,1
-151.8,-17.4,2047.0,8,-3,1,-1,-7,2,-6,2,-8,5,1
30.2,-319.4,2047.0,-3,-2,2,-2,10,-4,-1,-17,-7,2,1
-72.2,-774.0,2047.0,8,8,-6,2,-5,-3,-3,-2,1,7,1
-228.8,-77.2,2047.0,-8,-4,3,-4,3,6,-2,11,2,-3,1
848.8,747.8,2047.0,-1,-3,6,-4,-2,-7,-5,3,-2,1,1
41.0,148.2,2047.0,-4,-4,7,-3,1,7,8,8,4,-8,1
-285.8,-1037.8,2047.0,-2,1,4,-2,7,-1,-5,17,-1,0,1
32.0,127.4,2047.0,5,13,-9,-7,-4,7,3,3,5,5,1
489.6,725.0,2047.0,2,2,18,1,6,1,0,-10,-9,-4,1
56.4,802.2,2047.0,1,-1,5,1,-5,-4,0,1,2,-3,1
-44.4,698.6,2047.0,0,-7,-8,-8,8,-1,1,-3,-8,-1,1
248.0,88.6,2047.0,-1,1,0,8,2,2,-8,-8,-6,-6,1
390.6,388.8,2047.0,12,-2,-7,-7,-5,-5,1,-2,12,-2,1
244.2,693.4,2047.0,-7,2,1,2,0,7,-4,-4,14,14,1
365.0,672.4,2047.0,1,0,5,2,14,-3,2,0,1,-3,1
285.0,-19.2,2047.0,-2,4,-4,-3,-2,5,-2,8,1,-6,1
776.2,-74.6,2047.0,5,3,-5,3,-2,6,-1,-1,-5,-5,1
-153.0,715.6,2047.0,12,-9,7,-3,-1,4,14,1,-3,2,1
-143.2,823.6,2047.0,10,0,-3,11,0,-1,13,0,3,7,1
-483.0,-85.2,2047.0,-8,-5,-6,-3,3,3,-2,9,-3,-3,1
-671.2,-1356.2,2047.0,-1,4,6,0,-8,-1,4,-4,-8,-12,1
-542.0,-796.2,2047.0,8,-1,-4,-11,8,-1,-4,-4,6,6,1
-433.6,-718.4,2047.0,-1,-8,5,5,3,-1,7,0,-7,3,1
123.0,-390.4,2047.0,-1,-2,0,-4,9,3,0,-9,-5,4,1
411.4,-92.8,2047.0,4,-1,17,-6,2,17,-4,0,-1,1,1
305.6,-3.2,2047.0,12,-2,17,17,-2,-2,5,-1,8,0,1
123.8,-129.6,2047.0,-1,-1,7,1,6,1,-8,-3,-8,-3,1
-212.6,-956.6,2047.0,6,-6,-3,5,-3,2,-9,2,2,7,1
-231.0,-603.4,2047.0,-6,8,0,1,9,-2,6,4,-4,-3,1
-48.0,-206.6,2047.0,5,18,1,1,-1,-5,-5,-5,3,3,1
352.4,-44.8,2047.0,0,4,-9,-9,0,-3,8,-1,3,-3,1
268.6,73.2,2047.0,-8,2,-2,-1,5,9,-3,3,3,-11,1
12.4,193.8,2047.0,0,-1,14,4,-3,3,2,-7,12,12,1
-547.6,398.4,2047.0,10,-5,7,7,-1,-1,11,-1,9,1,1
-116.4,-395.8,2047.0,2,-3,-2,-2,1,6,8,-4,-2,-7,1
-464.0,-201.4,2047.0,-1,0,0,8,-5,-5,13,-4,-1,6,1
89.2,176.6,2047.0,6,-3,-2,-7,-4,-3,13,13,4,4,1
334.8,40.2,2047.0,-3,16,0,0,-1,-3,15,-4,-2,3,1
544.4,244.0,2047.0,0,3,2,-1,-4,-8,-3,0,0,4,1
-162.8,-318.2,2047.0,21,3,-9,8,1,0,0,15,-1,-1,1
155.4,-719.0,2047.0,-5,-3,2,2,8,8,8,2,-7,-9,1
410.2,267.4,2047.0,8,-3,12,-2,-4,10,-4,-3,4,0,1
130.4,731.0,2047.0,4,-11,-7,6,1,-2,1,6,-2,20,1
67.4,841.0,2047.0,4,-4,7,7,7,7,-6,3,-7,-3,1
-77.6,655.0,2047.0,1,2,6,-2,-7,3,-1,-1,3,10,1
7.8,13.6,2047.0,0,-3,-4,-6,0,6,0,1,-1,1,1
558.8,-125.4,2047.0,-4,3,7,7,-2,-2,5,5,-2,2,1
-212.2,-488.4,2047.0,7,6,-2,0,-6,-3,-3,-2,2,4,1
150.0,-848.2,2047.0,-1,3,-8,3,-3,3,2,-2,-2,-6,1
171.6,193.4,2047.0,-2,4,5,0,8,8,-2,-2,-4,-4,1
388.2,406.6,2047.0,1,4,-4,-4,-7,-3,1,2,10,0,1
388.2,697.0,2047.0,-8,0,-8,-3,6,3,0,2,0,-5,1
288.4,-110.0,2047.0,2,7,6,6,17,-4,8,3,13,1,1
-245.2,-267.8,2047.0,1,13,-2,-4,2,2,11,11,0,5,1
-220.8,-844.0,2047.0,1,-3,8,-3,11,0,-1,12,-5,-3,1
-295.0,-1015.6,2047.0,16,-2,-2,-2,-6,-6,-2,2,6,-1,1
-38.4,-410.0,2047.0,-6,-5,0,3,-1,3,6,4,-9,-3,1
340.0,-96.2,2047.0,6,0,1,2,-3,-2,-5,-6,2,2,1
363.2,0.4,2047.0,-2,6,2,-9,-8,-8,-3,-3,4,-3,1
-312.6,100.4,2047.0,-3,-6,-1,2,3,-3,-4,-3,9,-10,1
-589.8,-253.8,2047.0,0,1,5,0,1,4,5,-9,3,-2,1
-97.6,256.8,2047.0,8,-1,1,-2,-1,-4,2,1,7,7,1
-356.4,-561.0,2047.0,9,-6,-5,-5,-1,-1,9,9,1,2,1
6.0,-807.2,2047.0,-1,-3,7,-2,9,0,-4,0,-6,9,1
-278.4,-615.4,2047.0,8,-2,5,0,-6,-7,3,-4,1,6,1
-14.8,-239.6,2047.0,-6,1,-11,-11,13,3,5,-1,2,2,1
486.6,-32.6,2047.0,5,0,2,4,6,-3,-1,-3,1,1,1
322.0,65.6,2047.0,-4,-4,12,-8,1,-6,10,-1,1,-2,1
600.8,1232.2,2047.0,4,0,0,2,9,-2,11,2,-6,2,1
117.0,204.2,2047.0,9,-1,-1,-4,1,-7,-2,-3,3,9,1
211.2,615.0,2047.0,-8,2,8,3,7,9,0,-6,4,-6,1
-265.2,15.6,2047.0,16,2,-4,1,-4,-5,-2,-4,17,-1,1
-2.2,244.6,2047.0,-4,-1,1,-2,15,15,-7,-7,-6,-4,1
280.6,839.0,2047.0,4,1,-6,-6,3,1,0,4,-4,-1,1
514.0,-429.8,2047.0,-1,2,7,-3,11,-1,-9,-9,-4,-4,1
74.6,372.4,2047.0,-2,-1,-7,-6,3,-3,1,6,-2,8,1
413.4,330.4,2047.0,-3,4,6,1,6,7,-7,-2,4,-4,1
-66.2,-491.4,2047.0,3,15,-7,-7,-1,-1,4,-1,-3,-4,1
-6.8,-85.6,2047.0,-2,1,0,8,4,0,-2,3,-4,-4,1
214.6,-21.8,2047.0,0,6,-5,-5,-2,-4,1,-4,0,8,1
371.0,757.2,2047.0,-4,1,-5,-5,2,2,6,6,-6,-13,1
428.6,-39.2,2047.0,4,-1,2,5,9,-2,-1,-5,10,-1,1
419.8,-90.0,2047.0,18,16,-4,-4,-5,1,1,2,4,-2,1
-88.6,354.4,2047.0,-2,-1,5,7,-1,13,2,-8,-6,-6,1
-318.2,177.0,2047.0,6,-2,0,-7,-3,-2,8,1,0,7,1
340.2,-47.2,2047.0,2,2,3,0,18,0,-5,-4,-7,-3,1
-10.6,89.6,2047.0,0,5,-9,-9,-7,-7,7,0,2,2,1
58.8,123.8,2047.0,-8,3,-3,-8,1,9,3,2,-8,1,1
-345.8,409.0,2047.0,-1,7,0,-3,1,-4,-4,-4,0,0,1
-333.2,-136.4,2047.0,-2,5,2,2,0,0,8,-1,-4,-5,1
-273.2,-628.0,2047.0,3,-1,-2,17,1,-8,1,-8,-3,8,1
-248.4,-685.2,2047.0,2,1,-7,-5,-2,1,5,9,-1,1,1
-479.6,-611.2,2047.0,0,-1,9,7,-2,-3,-9,-9,-2,-2,1
-262.8,763.2,2047.0,9,-3,-2,-6,-2,4,0,2,6,-1,1
70.8,-102.2,2047.0,-1,3,-2,-1,-4,12,-4,-4,-1,-1,1
-285.6,-206.8,2047.0,1,2,-5,-5,-2,-3,3,3,8,-4,1
-385.6,-408.6,2047.0,-9,-10,-5,-2,0,6,1,-2,1,-6,1
-158.2,740.4,2047.0,0,3,6,9,-1,-2,5,-8,-5,0,1
336.2,743.2,2047.0,11,-1,-3,1,-2,-2,2,2,10,10,1
372.0,-72.6,2047.0,4,-2,3,5,-3,7,-6,-6,0,1,1
439.6,-624.2,2047.0,17,1,-4,-4,-1,1,2,2,3,-1,1
280.2,58.8,2047.0,-7,-3,3,2,9,0,10,3,-1,0,1
100.8,560.8,2047.0,15,8,13,0,0,2,-3,3,18,4,1
294.0,800.8,2047.0,7,11,-8,-6,6,0,16,1,16,17,1
-448.6,-514.4,2047.0,-2,4,2,1,-2,-2,3,-4,-1,-6,1
-295.2,-624.8,2047.0,14,2,-1,-1,-5,-5,-5,1,3,7,1
-443.2,-421.4,2047.0,12,12,-7,-8,-6,-1,7,5,-1,-5,1
182.2,1894.6,2047.0,-2,1,6,3,8,7,1,-3,-20,5,1
-155.6,277.4,2047.0,13,-2,8,1,-7,-5,-5,0,3,10,1
164.0,-295.8,2047.0,0,-2,-4,3,12,9,4,17,-1,1,1
-441.0,-579.6,2047.0,4,-28,-64,33,15,-154,3,9,-21,8,0
-474.4,-410.0,2047.0,9,4,115,-105,21,15,1,-24,-30,-30,0
-205.2,-363.6,2047.0,32,-92,96,1,-2,6,-11,-11,-35,-35,0
71.6,781.6,2047.0,-13,19,15,15,-10,-10,-100,12,35,1,0
97.2,453.2,2047.0,-4,32,81,81,-8,-5,43,-2,-3,-13,0
-455.2,384.6,2047.0,52,-32,59,-11,36,0,50,2,-27,4,0
-796.2,-678.2,2047.0,-4,-4,-135,-6,49,2,-85,88,-13,-49,0
-337.6,-273.2,2047.0,2,-6,-77,-3,68,-96,59,-2,27,-13,0
66.8,-259.4,2047.0,0,-4,60,-54,59,23,-11,-5,-7,-2,0
526.6,635.0,2047.0,28,-5,10,47,-9,43,-20,1,64,64,0
54.4,431.0,2047.0,-4,2,-16,-10,20,2,97,-128,67,-13,0
-132.2,-152.8,2047.0,14,1,18,-18,52,-30,42,-25,3,-80,0
-199.2,258.8,2047.0,67,2,-17,-13,-5,86,16,16,-60,-60,0
-71.2,-364.0,2047.0,-30,19,-52,-3,-7,-14,-7,-10,-32,26,0
95.4,144.0,2047.0,-8,-8,3,-4,-23,-11,-34,-34,55,-22,0
113.4,1045.6,2047.0,-38,7,21,-30,7,-22,6,-39,23,-12,0
253.2,237.2,2047.0,42,1,-27,5,38,-57,5,32,1,-21,0
-1.4,-246.6,2047.0,-27,-31,-105,67,-13,-61,3,17,1,28,0
-347.8,-1075.8,2047.0,17,3,119,-118,4,28,-51,-51,-97,-97,0
44.4,-172.6,2047.0,-76,19,-6,-137,26,26,171,171,21,12,0
112.4,-64.0,2047.0,-12,-35,44,44,16,-14,-45,3,64,-4,0
481.2,962.2,2047.0,65,-42,-19,-24,17,-5,32,-9,2,2,0
-188.8,37.8,2047.0,46,46,10,-11,-60,75,-8,-27,12,-27,0
-242.8,-113.2,2047.0,56,-14,-53,28,26,17,-15,103,-2,-31,0
-51.4,258.6,2047.0,21,1,33,0,0,27,-8,-44,2,2,0
-105.0,232.0,2047.0,-25,15,89,-92,3,26,-18,77,0,0,0
-103.4,390.0,2047.0,68,-40,3,7,25,25,-182,4,39,-2,0
114.8,541.2,2047.0,86,-45,8,8,15,17,-76,3,79,3,0
-29.8,-122.0,2047.0,-62,120,16,-7,18,1,-5,-37,33,-27,0
-496.4,-193.2,2047.0,60,-6,17,11,22,22,20,2,-82,5,0
-657.2,-1005.4,2047.0,63,34,70,70,-45,1,-77,-13,56,4,0
-601.6,-448.8,2047.0,16,55,-138,3,35,-2,42,-27,-31,62,0
-413.8,-331.0,2047.0,69,3,-9,32,-25,39,-68,29,1,63,0
281.2,290.0,2047.0,-40,4,22,-90,-4,-19,-8,46,21,21,0
185.8,927.8,2047.0,-79,-7,18,6,0,46,-20,-20,109,109,0
32.6,419.2,2047.0,-43,-16,-49,-49,2,2,7,2,6,2,0
91.0,205.4,2047.0,24,64,71,71,-47,9,82,-14,-70,2,0
-615.8,-804.8,2047.0,-4,47,-26,-8,2,-11,33,118,-114,3,0
-237.6,-225.6,2047.0,81,-2,-11,1,15,48,-44,-6,-6,-122,0
-62.4,-50.0,2047.0,-16,11,40,-30,-10,53,-20,-59,-3,-6,0
288.0,-59.0,2047.0,1,0,58,-24,20,7,-19,-38,11,11,0
134.8,151.4,2047.0,65,-1,1,10,-14,-14,62,62,13,13,0
-174.0,61.6,2047.0,63,25,-58,-58,-32,-32,187,-3,51,-13,0
-218.4,-21.4,2047.0,95,-5,-23,0,18,2,-4,2,-65,37,0
-236.8,-335.0,2047.0,21,21,-90,9,68,3,3,72,-44,-1,0
28.8,272.6,2047.0,-4,-7,76,-101,50,50,-32,-32,-71,0,0
-206.6,357.0,2047.0,-4,19,62,62,-22,-29,-113,-6,42,-1,0
54.6,537.0,2047.0,30,-8,67,-3,-3,-3,-7,-5,-3,-5,0
-193.0,551.6,2047.0,17,58,-22,-8,-39,-1,109,-32,139,139,0
173.0,552.6,2047.0,-23,45,-40,-40,-2,10,0,-5,-44,-22,0
-159.0,-52.2,2047.0,1,27,-1,-6,2,1,9,5,-5,4,0
-447.2,-473.0,2047.0,89,89,-8,-3,180,0,3,16,-27,1,0
-551.4,-296.4,2047.0,-61,-13,-81,-2,51,52,4,6,-17,-43,0
-38.2,-353.0,2047.0,-32,23,85,-20,7,134,0,6,-7,26,0
-14.6,830.8,2047.0,37,-1,-37,88,1,-69,-10,-9,16,16,0
56.4,569.8,2047.0,107,-126,23,66,11,11,-7,-7,-15,-15,0
255.8,225.4,2047.0,60,-3,-4,-4,-68,3,49,-19,-25,23,0
28.0,86.2,2047.0,18,-17,22,-11,78,-129,75,-57,21,-3,0
-382.8,-721.0,2047.0,-25,-17,-97,60,12,59,-5,-29,-9,-24,0
-100.8,-191.8,2047.0,-31,-7,49,-65,21,85,-3,74,-90,-90,0
-76.6,-53.0,2047.0,24,-3,-42,70,15,15,-49,-49,17,17,0
-36.8,635.0,2047.0,125,-63,2,90,2,2,-79,-79,-24,-10,0
-518.8,-147.4,2047.0,-3,37,4,-12,-38,-67,48,-3,3,84,0
-771.0,-537.0,2047.0,-32,-6,-75,-75,31,31,7,7,-44,-10,0
-572.0,-602.8,2047.0,34,45,-6,-6,7,20,26,-63,-2,2,0
-85.8,-243.0,2047.0,-66,-5,71,13,23,23,-30,-18,42,-9,0
-176.8,-152.6,2047.0,-11,-4,-6,-6,-27,-27,-3,-3,-15,3,0
-132.8,-324.4,2047.0,16,4,45,-37,0,8,4,50,-10,-10,0
-81.4,-351.6,2047.0,4,-24,-6,5,-90,4,43,-1,-10,-12,0
-125.4,37.8,2047.0,12,-2,-4,31,-52,-52,78,78,56,-13,0
-330.2,35.0,2047.0,58,-21,-31,-4,-102,-4,18,69,2,-19,0
-253.0,-830.2,2047.0,10,-8,4,-13,1,4,43,-10,4,-1,0
-539.4,-197.2,2047.0,57,3,-19,-4,44,-12,16,-13,0,-19,0
-226.6,-162.6,2047.0,15,-18,96,-4,-28,-2,67,-50,1,76,0
63.6,153.0,2047.0,10,-1,-42,-1,-13,-13,-56,-56,48,48,0
-781.0,-440.2,2047.0,7,-1,-19,-18,-23,26,18,4,-58,-58,0
45.2,55.8,2047.0,81,9,50,-19,-29,-24,1,-11,17,17,0
460.0,1045.6,2047.0,-85,10,29,3,-80,160,-80,-48,100,12,0
133.8,687.8,2047.0,-18,-1,-10,-10,-10,0,-41,-19,39,8,0
282.2,282.4,2047.0,53,-14,13,-5,-94,144,8,-37,14,-15,0
-407.4,-860.4,2047.0,28,-19,30,30,14,14,-29,-2,1,-1,0
-148.4,384.8,2047.0,21,3,-6,66,-40,-12,-13,1,-37,-10,0
-553.4,-434.0,2047.0,19,1,-20,8,1,119,-16,-16,41,3,0
-104.0,25.8,2047.0,116,-12,42,-2,-98,87,-15,3,-5,-39,0
-18.4,366.4,2047.0,13,1,81,-39,2,94,0,80,-3,11,0
-158.2,70.4,2047.0,-26,-48,-49,-2,-36,55,7,86,38,38,0
-353.6,-149.8,2047.0,20,-39,96,1,8,11,10,40,1,10,0
223.2,306.8,2047.0,-107,11,11,-1,-15,69,-31,-31,13,-3,0
30.2,-132.2,2047.0,86,-6,78,-133,-1,59,73,73,21,3,0
-814.8,-384.2,2047.0,48,-7,10,-8,-6,6,-8,144,-9,-56,0
-572.2,-229.2,2047.0,-1,-7,70,-6,-82,-2,-15,-22,-4,6,0
240.4,115.8,2047.0,-11,-38,-2,31,88,88,-31,-31,86,86,0
391.6,399.2,2047.0,-28,3,-6,-5,41,-14,25,-7,38,-55,0
4.6,529.2,2047.0,122,-88,15,4,2,1,-20,24,-38,67,0
-255.2,-75.8,2047.0,99,4,0,2,-51,-73,111,-34,-8,62,0
-431.0,-196.4,2047.0,-34,-11,-77,-11,26,1,11,17,-25,17,0
-540.6,-488.2,2047.0,-24,-25,-168,69,26,-126,118,-30,-15,60,0
-343.2,275.4,2047.0,-37,10,-19,-1,38,-24,-9,9,0,-80,0
-12.2,500.0,2047.0,-11,6,-41,-8,1,-5,2,-84,40,40,0
70.4,642.6,2047.0,48,-2,-57,6,4,73,-31,-31,42,-18,0
-33.2,556.2,2047.0,20,-99,-3,-3,-31,-1,-35,0,-14,-11,0
-296.4,35.0,2047.0,-4,54,38,-2,-19,-1,26,28,-31,29,0
-569.4,-1327.4,2047.0,-2,-8,-66,-37,106,-24,0,52,-1,39,0
-525.4,-801.0,2047.0,66,2,-2,32,95,95,-20,-20,-43,-6,0
-203.4,54.6,2047.0,13,13,22,-9,95,-6,-53,105,-10,-29,0
0.8,483.0,2047.0,-20,-2,106,-7,9,21,-8,-22,-40,-40,0
-168.6,-197.6,2047.0,-3,-31,42,2,6,-3,-119,-2,45,-111,0
-212.6,-214.8,2047.0,23,23,1,-17,46,-1,24,-10,-155,12,0
59.6,517.4,2047.0,119,1,-168,189,-43,36,25,-29,-2,-18,0
65.6,-91.2,2047.0,40,4,1,81,2,62,-43,-43,15,-4,0
-186.0,275.2,2047.0,-15,-1,20,-41,36,-3,4,8,73,1,0
-200.2,434.0,2047.0,-101,53,59,-6,10,-4,-70,63,1,-12,0
116.8,463.6,2047.0,67,2,11,117,-1,24,-17,-17,52,-6,0
9.8,497.4,2047.0,-180,3,75,-6,20,-13,70,-93,61,-37,0
64.2,520.4,2047.0,43,-1,14,85,-2,41,-143,2,12,-7,0
162.8,523.4,2047.0,14,-31,-28,-6,-38,38,-37,17,-20,14,0
70.8,960.8,2047.0,63,-58,2,-6,-56,-56,39,39,-6,-6,0
-96.2,370.4,2047.0,-34,-8,122,-3,76,-13,-14,-12,30,-44,0
-447.4,-429.4,2047.0,24,-15,68,68,-31,-31,-7,-7,-42,-42,0
-323.4,-403.4,2047.0,-53,-8,-95,-3,-5,82,-86,51,20,12,0
-117.2,-249.0,2047.0,-104,-6,-10,-4,-47,40,-4,64,-2,9,0
-19.2,-55.6,2047.0,53,-21,-51,-51,-21,-21,12,12,-73,4,0
-297.8,-1037.8,2047.0,51,1,237,18,-120,-1,16,66,-85,31,0
-424.4,-340.6,2047.0,-35,-12,-3,27,-19,-2,3,64,-9,2,0
-516.8,-472.4,2047.0,26,-49,-5,-5,-45,-45,56,2,-13,7,0
-392.2,-350.6,2047.0,26,16,-10,-3,-1,2,-16,-25,-10,-14,0
74.8,244.6,2047.0,-9,-4,73,-1,63,1,-6,34,20,37,0
-374.4,-758.8,2047.0,8,0,7,12,1,96,2,-3,-133,-133,0
-213.6,184.8,2047.0,21,-136,-61,1,134,5,34,8,72,-97,0
-290.8,-503.0,2047.0,-16,-8,25,13,79,-39,-46,83,-129,88,0
-456.6,-472.6,2047.0,146,1,-38,0,1,31,4,-85,-20,16,0
140.2,427.2,2047.0,-187,2,17,-12,-4,50,-24,-79,-35,-35,0
91.6,608.6,2047.0,41,1,15,56,-10,-14,-30,-30,65,65,0
58.6,433.8,2047.0,21,-28,1,-8,-64,96,-15,-36,-55,104,0
-235.2,2.8,2047.0,-103,3,106,-3,31,-27,25,-30,-23,8,0
-109.4,-283.8,2047.0,-8,-17,-23,8,112,-79,15,102,-159,77,0
-501.8,-516.2,2047.0,8,3,-79,-79,40,40,19,1,2,-3,0
-18.2,50.8,2047.0,47,-24,-60,34,-47,9,2,34,79,79,0
-431.2,-255.6,2047.0,-50,-8,20,3,-133,-15,8,-76,25,90,0
-79.8,7.4,2047.0,122,2,-1,51,-30,-30,-56,3,15,-7,0
388.0,792.2,2047.0,-18,2,55,-33,59,-36,33,-5,2,16,0
-432.4,-342.6,2047.0,-80,0,11,11,95,95,-19,-19,-23,-1,0
269.8,506.6,2047.0,-25,-24,20,-8,22,-76,20,4,-88,-6,0
-148.4,-54.8,2047.0,7,0,-57,51,32,-10,-21,5,34,34,0
-187.6,339.0,2047.0,-30,1,10,-5,42,-21,-36,52,-88,-88,0
-282.4,-389.8,2047.0,38,2,-10,-9,6,-16,-28,-14,14,3,0
-596.0,-275.0,2047.0,-3,1,-44,-1,0,-19,-45,0,101,-8,0
-110.2,-296.0,2047.0,82,-2,-111,-111,49,49,-29,-3,-19,8,0
-412.6,-745.0,2047.0,31,2,-47,55,5,5,56,56,-44,-44,0
59.0,-322.6,2047.0,16,-10,5,-1,65,-92,44,71,-77,-38,0
95.6,355.2,2047.0,41,-51,7,77,54,54,38,38,-3,-3,0
-166.0,-485.2,2047.0,-18,7,-3,2,-11,31,-17,13,1,-16,0
210.6,479.4,2047.0,-126,-5,33,9,14,-11,25,-4,21,3,0
88.4,1064.0,2047.0,-154,-2,5,-21,1,78,-6,2,0,10,0
-198.8,-283.2,2047.0,-150,22,-9,-91,1,18,-7,-7,-50,-50,0
-383.0,-46.2,2047.0,8,-7,-104,1,82,7,95,-75,7,-8,0
-219.4,-787.6,2047.0,20,-8,-71,-1,-94,49,18,17,3,-57,0
-253.8,-560.2,2047.0,60,3,-48,31,57,-25,16,47,-6,44,0
-498.6,-426.0,2047.0,21,3,-43,10,-9,-4,4,4,-52,-52,0
-40.4,-68.4,2047.0,93,1,80,8,46,-48,13,0,-34,9,0
48.8,558.8,2047.0,-25,-25,19,-6,-9,6,-86,-1,-4,-17,0
-52.0,-264.6,2047.0,43,-91,72,-11,-4,17,0,0,-9,-109,0
196.0,799.8,2047.0,5,-9,32,-19,79,-89,22,49,3,17,0
-181.0,-290.2,2047.0,169,22,9,-33,-4,-13,-3,-3,3,3,0
-243.6,-609.0,2047.0,-22,-21,-38,-2,130,-53,49,-28,19,-37,0
494.0,1517.6,2047.0,-86,-2,-4,-12,-103,-4,-4,9,49,-44,0
460.0,570.4,2047.0,44,-15,-42,34,0,9,13,13,-43,-43,0
-156.0,87.6,2047.0,4,0,-103,-16,-59,3,42,-83,40,4,0
-67.2,-252.8,2047.0,41,12,56,0,57,23,-52,5,-3,-56,0
-210.2,-141.2,2047.0,1,2,115,-111,8,11,34,34,63,63,0
-190.6,-18.8,2047.0,22,-8,14,-4,-25,56,20,0,-49,4,0
-41.0,677.8,2047.0,22,1,-11,-18,3,-85,86,11,-73,71,0
-375.2,62.8,2047.0,120,-3,50,12,-57,-4,29,4,4,0,0
-345.0,-83.6,2047.0,3,-22,-34,13,47,-54,3,42,-8,-44,0
-435.0,-340.2,2047.0,55,4,-11,27,14,12,24,24,-32,-2,0
-408.6,-404.2,2047.0,-16,-20,-167,2,-26,5,25,32,-9,-15,0
-188.8,237.2,2047.0,-90,-3,5,-15,-1,63,-34,-34,-72,-72,0
-55.4,307.8,2047.0,-67,24,-26,-72,40,40,-8,-8,25,25,0
-30.6,499.4,2047.0,-1,33,47,47,29,29,52,52,-7,-8,0
-488.2,-178.4,2047.0,114,-9,35,35,-2,-2,78,-3,18,7,0
-176.8,-554.6,2047.0,45,23,-93,-1,57,3,17,-22,-29,44,0
-507.4,-453.0,2047.0,-42,-4,-13,-10,-55,1,31,-6,-74,47,0
-135.6,69.8,2047.0,12,-16,1,-17,-129,-129,44,44,-35,-32,0
-130.0,-0.2,2047.0,-122,188,20,2,-18,2,2,-11,72,-13,0
-232.8,-143.8,2047.0,-71,-3,-47,22,107,-1,20,4,-29,-47,0
-272.0,-350.4,2047.0,-61,-16,-30,1,44,-19,26,98,-4,121,0
-465.4,-318.8,2047.0,40,15,15,4,47,1,-12,-8,-110,-2,0
-424.0,-427.6,2047.0,-114,17,-69,5,-1,4,-33,22,-33,57,0
-242.0,-396.2,2047.0,16,-10,75,-21,-6,45,-21,-21,-81,-81,0
-642.0,-929.0,2047.0,67,-11,99,-67,4,10,-9,57,-14,-21,0
-321.0,-555.2,2047.0,58,-2,24,-6,-21,-107,179,-123,97,-31,0
-404.6,-150.6,2047.0,-28,1,-25,1,-64,4,124,-101,13,93,0
-78.8,91.2,2047.0,19,-4,5,-24,0,11,-120,-120,32,32,0
-175.8,440.6,2047.0,101,1,40,-12,-2,15,-8,-28,53,53,0
-477.0,-341.0,2047.0,84,-7,9,17,83,-48,34,20,-80,23,0
-255.8,-592.0,2047.0,27,-4,-87,-5,-20,7,20,43,-19,-60,0
-321.4,363.0,2047.0,47,4,41,-13,-46,33,-24,12,48,-59,0
-398.2,-230.8,2047.0,10,-4,63,-32,-16,-29,9,-12,-8,55,0
-196.6,-544.2,2047.0,24,-42,-16,52,26,26,-11,-11,54,54,0
-142.2,343.8,2047.0,21,-30,55,55,-20,-22,-62,1,3,1,0
-250.4,476.2,2047.0,-122,21,29,-7,36,-16,-15,4,33,27,0
141.8,656.6,2047.0,34,1,-5,47,-33,-58,-7,-6,2,119,0
80.0,479.6,2047.0,3,4,-75,-75,25,25,44,-1,-21,-6,0
194.0,427.8,2047.0,100,1,-8,54,66,-4,-9,-3,-56,-10,0
-648.2,-653.2,2047.0,39,-19,3,5,-87,-87,35,35,59,9,0
-409.0,222.0,2047.0,-10,-6,-2,60,0,79,22,22,-13,-4,0
